seurat_cols <- c(
  "#00BFC4", "#F8766D", "#B79F00", "#00BA38", "#619CFF",
  "#F564E3", "#FF61C3", "#C77CFF", "#00A9FF", "#7CAE00"
)
col13_Giger <-  c("#F0E442", "#009E73", "#99DDFF", "#CC79A7", "#BBCC33", "#0072B2",
                  "#D55E00", "#B66DFF", "#E69F00", "#ececec","#00FFFF",
                  "#FFFF00", "#FF00FF")


